0,1,2,3,4,5,6,7,8,9
0.04545185762584664,0.1603739140427277,0.21175035330063435,0.3252981182295426,0.08632100032294354,0.06003904104552444,0.023161571047877746,0.04607850502760508,0.0415256393572979,0.0
0.02981355037611342,0.19296535081931046,0.17534252652567983,0.30360947206838923,0.0657129521855236,0.0681955396649346,0.019426421340703246,0.08793750608467964,0.0566727674006817,0.0003239135339843454
0.029580059391138686,0.18010789108386108,0.16426946265178274,0.32133781093541,0.09172876692713823,0.06936408680300538,0.02102408725128483,0.06590925565160344,0.05654726617346255,0.0001313131313131313
0.020565202727875355,0.13010114257731442,0.19415198823197868,0.31250062110221605,0.11168562216914862,0.08064433836029977,0.02033385202092417,0.09420144925375883,0.034931508352090704,0.0008842752043933785
0.018652013541095965,0.0999374849376829,0.20680663404154948,0.28921684961261984,0.10619562808207061,0.08597063868396593,0.027861944217622996,0.10769804195310802,0.05655869512380173,0.0011020698064825086
0.02084458939776522,0.07859261345203061,0.27768381437538947,0.24668372535071495,0.08480068464065417,0.07477118884803448,0.018908387562887707,0.09328625646775039,0.09507874731301208,0.009349992591761079
0.016814467881585637,0.10019565477945327,0.19335742994616736,0.22608142997006342,0.07895933218597857,0.0588383427204864,0.014432331717060041,0.05992755683801417,0.24839765172868064,0.0029958022325104277
0.018438920668696828,0.08474437255475072,0.13913284058633205,0.24846794423038676,0.0853966135056591,0.06905597741374235,0.023816811558452212,0.07602936980415383,0.2549171496778261,0.0
0.018000765629653366,0.1006021176506197,0.11106983397443232,0.23773136475471204,0.07811312215518038,0.06867969820612901,0.0143151984357214,0.0530659344701566,0.318421964723395,0.0
0.03512107536771337,0.1222408670852355,0.14601126985827592,0.2514512056912314,0.05971882892413037,0.07340268866387795,0.01802990871879229,0.06897122778471368,0.22505292790602946,0.0
0.021535078066707816,0.11149208429411958,0.18645288925033776,0.20791869967047708,0.08288855609523339,0.06200476830532922,0.016281879513904782,0.07638367597271775,0.23486455944283696,0.00017780938833570413
0.021843561614069727,0.060385745745292915,0.24595843245579102,0.21515474834747075,0.0834813680455071,0.04242344537404371,0.025182166146161426,0.06979712734445011,0.23553720055592337,0.0002362043712898668
0.01887391108319605,0.0805164753878213,0.246017035953462,0.19932200760134244,0.07152626455666518,0.07048842441122402,0.038948369223729934,0.05543750137218746,0.21873935977018352,0.0001306506401881369
0.0365941624413194,0.07460963595685553,0.21602299156571142,0.2685389690449878,0.09534254231390946,0.06834436606802274,0.020244150431051048,0.062302129225972974,0.15617918910391615,0.0018218638482533518
0.03154378848431557,0.10289391436433104,0.177171030503343,0.24462916607852347,0.06686571666717023,0.08482721565397568,0.019220360417228053,0.08451200797514583,0.18727240406046086,0.0010643957955064065
0.020755823127446536,0.07974575132036751,0.1470161906623731,0.23483343987138275,0.09132766251226762,0.0876638437028756,0.03302201931643507,0.10052422073710182,0.20494804238789902,0.0001630063618508491
0.034353301993801925,0.07610976563384274,0.19093494105639722,0.23383265023064898,0.08370622132541053,0.07546635758606732,0.025903563255031486,0.0807883047553349,0.18939223356968587,0.009512660593778897
0.03192107645942992,0.09132219735230267,0.19418764350285447,0.25232515456627086,0.09741154149103906,0.09192015182574587,0.018768389265473234,0.06633584646607056,0.15553091475454697,0.00027708431626625974
0.027645075794935733,0.09784353664277844,0.17019334265999808,0.28514446129760607,0.12072815245346996,0.09594070760849183,0.022926020731814076,0.06584573966505795,0.09822871328431985,0.015504249861527932
0.03417756203216653,0.10550234534259488,0.1619392951292051,0.2913904234813888,0.1366717466608044,0.10107368758324241,0.03336696909446719,0.07414971444994592,0.06133780459880705,0.00039045162737782373
0.05632881698055795,0.11648513686737337,0.20951810511750174,0.2679072341344812,0.10102342970485785,0.06888298919098483,0.0232117529301559,0.08298514473139881,0.07347654279743154,0.00018084754525666237
0.07264907769023096,0.11022349573179517,0.21622291261031504,0.290179639756469,0.07734296583799848,0.07419995487317518,0.015227462586935504,0.07426388790690323,0.06963374525748353,5.685774869396709e-05
0.05684236825826651,0.10571458739809698,0.21589625708194565,0.3128891352727781,0.08409105488938134,0.08330416142063979,0.02068444420331315,0.0709429011127971,0.04926456977880215,0.00037052058397933494
0.05227373417176764,0.11674755358459842,0.16311206936311198,0.3081108967605666,0.09686795789461122,0.09202183155693433,0.020168830865771536,0.10358728510277106,0.04645327504330144,0.0006565656565656566
0.049351379044693465,0.11602384913938851,0.11089903289205565,0.32843447135703485,0.10053243684369742,0.08874618823558662,0.015405063075153966,0.15080384537527822,0.03752801153457571,0.0022757225025356494
0.058358144922277415,0.11456639563631597,0.1024271920396042,0.3644953753268455,0.0973125576304266,0.09204453943647758,0.017079889152293214,0.11263626870140643,0.03877291328029167,0.002306723874061375
0.07301920103686627,0.11137221252166767,0.10141634347163117,0.38874450935088783,0.09016168211967862,0.08590608645357077,0.022654596592217885,0.09736905237376188,0.028989145716803305,0.0003671703629147922
0.09180201532158383,0.10016094843397486,0.11500452655194913,0.3979255530395259,0.1026510659718569,0.07052829204259445,0.014852262526852456,0.0811251280941573,0.023181150303545322,0.0027690577139599703
0.11819105437911502,0.10940017251723279,0.08599357592145848,0.3969133064440422,0.09424601449414866,0.07575863929582494,0.012933226470083667,0.06568281121389194,0.04055863797755777,0.0003225612866444624
0.15961546179808345,0.08656526980314877,0.12098278416821816,0.4217065366171208,0.06566475677547429,0.05198758473783974,0.009174760646964823,0.06414918617427316,0.020153659278876773,0.0
0.1584949744824665,0.09578051916052253,0.1422002580909553,0.39907562633999083,0.06042512899673224,0.07709992288461923,0.012531234080279511,0.0348759417829738,0.01450051213528356,0.005015882046176457
0.12229310120370117,0.037187909792824166,0.08066312398663984,0.5159890191182555,0.0785358197315597,0.05607613310403899,0.01937660244610163,0.02558788235762906,0.0017904082592499618,0.0625
0.14036333102162443,0.04085280057256324,0.05692714867056268,0.5558439705003408,0.0849949721554201,0.06766409677678287,0.01623830941672021,0.030659670164917538,0.002884272149639466,0.0035714285714285704
0.04176379176379177,0.06604506604506605,0.40540015540015545,0.22416472416472416,0.09226884226884227,0.06701631701631701,0.02874902874902875,0.0644910644910645,0.0101010101010101,0.0
0.0,0.0,0.0,0.2,0.2,0.0,0.0,0.2,0.4,0.0
0.0,0.05114988104678826,0.5511498810467883,0.0,0.0,0.0,0.0,0.1931007137192704,0.20459952418715305,0.0
0.0,0.0,0.8163487738419619,0.0,0.0,0.0,0.0,0.18365122615803817,0.0,0.0
0.0,0.05555555555555555,0.5555555555555556,0.16666666666666666,0.05555555555555555,0.1111111111111111,0.0,0.05555555555555555,0.0,0.0
0.0,0.125,0.625,0.0625,0.0,0.125,0.0625,0.0,0.0,0.0
0.0,0.06818181818181818,0.5454545454545454,0.31818181818181823,0.06818181818181818,0.0,0.0,0.0,0.0,0.0
0.13333333333333336,0.46666666666666673,0.13333333333333336,0.06666666666666668,0.0,0.0,0.06666666666666668,0.06666666666666668,0.06666666666666668,0.0
0.007936507936507936,0.007936507936507936,0.6071428571428571,0.15873015873015872,0.047619047619047616,0.03968253968253968,0.031746031746031744,0.0992063492063492,0.0,0.0
0.12054507337526205,0.028301886792452827,0.3616352201257862,0.07547169811320754,0.14884696016771487,0.14884696016771487,0.012578616352201257,0.028301886792452827,0.07547169811320754,0.0
0.035371813701007504,0.0696212791040377,0.2376433037576565,0.34572474729960734,0.10779537036915869,0.10380507853671864,0.035473309700126965,0.06285569582228479,0.0017094017094017092,0.0
0.030305225594615334,0.14461897212295516,0.21787982656640792,0.33075712175727884,0.09821545401859737,0.0781329187929645,0.01124172783857932,0.07197404252455838,0.015776397515527948,0.0010983132685152136
0.024346316984800408,0.12912005479716684,0.20601082016554917,0.2645784985899498,0.10141388727036542,0.09425451891616163,0.020231626609651627,0.10749157617440756,0.04382064307567973,0.008732057416267945
0.019362425402592254,0.17870074468579347,0.20612274177549889,0.25161449023779026,0.08206306541366071,0.11155064380667404,0.012987463668017259,0.06530200153363927,0.0697320387510548,0.0025643847252789682
0.046284387993448646,0.1787575144593281,0.2248290744127381,0.274197185505405,0.07535089978852229,0.05214712971628694,0.018905622595057705,0.0611798967070163,0.06834828882219682,0.0
0.060126811265945435,0.13173192739486694,0.18308283388614655,0.29812854528427124,0.08903089165687561,0.07887314260005951,0.025320738554000854,0.07735923677682877,0.06849531829357147,0.0045359497889876366
