0,1,2,3,4,5,6,7,8,9
0.032316579878105704,0.10845489294114213,0.17554614861628892,0.23029103763968273,0.08095298022499824,0.09417977309447044,0.016292864204316963,0.25346761323091016,0.00849811017008469,0.0
0.015490367552916403,0.059473441865680446,0.08208847670906624,0.17047874531786725,0.04437835735720498,0.13511296844736984,0.0019613063542776006,0.45252112796234545,0.03138736529601703,0.007107843137254903
0.03213885527020819,0.0807456686605142,0.0716024222724739,0.1466440356882979,0.05630407440567179,0.06415265966554438,0.003113913083746619,0.5429460015853206,0.0017381187539719887,0.0006142506142506143
0.014942837497157318,0.09053455776161227,0.12170602114434645,0.15364703471174707,0.05803205646516688,0.10615247739185282,0.0033579321076342163,0.426538862833187,0.021565945879652517,0.003522274207643453
0.01836918989271867,0.09442155673025736,0.2509012762679529,0.14194828770032006,0.05737487520433592,0.12333246001227197,0.004254124785318926,0.27593227102499135,0.022725672106747037,0.010740286275085829
0.013000916597325888,0.08594940518912048,0.19199713489365525,0.1727211234164432,0.04523212168757939,0.08281725753342221,0.009756928740785719,0.33922602987139944,0.05049844040323043,0.008800641667038003
0.03668915327859689,0.044768666358542195,0.15403678899664847,0.13883872144201978,0.045432575557095664,0.08473978481960528,0.0009480104612749991,0.45545342816124706,0.039092870924969624,0.0
0.02101758105185618,0.09606378474419773,0.12290385992000623,0.19511734909772666,0.07654677831293037,0.08795294789381596,0.016910572275055297,0.33826091570151623,0.042792943863745866,0.0024332671391494925
0.04914759951968095,0.06598888816911955,0.10407309152110265,0.15929133790996786,0.04934980202198249,0.12081852432437788,0.006127125877251938,0.4158922376180716,0.026160953138361958,0.0031504399000831006
0.02298886449422066,0.07093601921372175,0.11373959253127586,0.20241027226301755,0.06107731225128321,0.069065560423248,0.016793672963731177,0.4140751270187668,0.027663333874464357,0.0012502449662706336
0.025595191761164066,0.08203643282152237,0.18369447098316488,0.16413221639548178,0.06445794258782579,0.07722116325700372,0.007412511652940498,0.3552436595999611,0.03807800107720415,0.002128409863731392
0.019262300469048393,0.1508904176874478,0.1294130605311202,0.20718393621820752,0.059534235935224,0.0922613560957026,0.011271511512198403,0.28097139597008536,0.048656329320682284,0.00055545626028322
0.028965001790791083,0.15878386575220355,0.1380502645842325,0.2431062186998488,0.08401657255417896,0.10995640142061039,0.016176625439423126,0.17234152907130704,0.047171632142512965,0.001431888544891641
0.016519527985325005,0.086777657799586,0.16274570209858974,0.2549231845511824,0.06777893471079263,0.11779959807837881,0.024140506913118802,0.15834009214097386,0.08350459462558668,0.02747020109646631
0.04624487888062755,0.10072014567722572,0.11639182775975712,0.19879433598684,0.11900996782356829,0.11458558998944748,0.008751546255990639,0.1874286062080541,0.09568878278607662,0.01238431863241227
0.06043775296163831,0.11342294201151937,0.1849762974277784,0.11556738358245645,0.041107465874294785,0.07804573314686594,0.01609842090065692,0.27350467919461674,0.1098414783852648,0.006997846514908245
0.0666596604016315,0.10708057248755692,0.20749016399811018,0.20801675186120158,0.05626917927561781,0.03733914858079504,0.01081828806922352,0.172282016870023,0.13404421845584058,0.0
0.02642832686443893,0.08355193620275622,0.19602035187015626,0.23966518879158896,0.08158799152247717,0.07414861486038199,0.021207455236997477,0.17084763881547604,0.10314826387280598,0.0033942319629210044
0.027281986179760805,0.10856628373685914,0.17928317968388022,0.22146639964483333,0.06199616157155965,0.09545965330100703,0.008763492939048255,0.23949775183044816,0.05629555977197172,0.0013895313406315848
0.04650271787368916,0.08979012302346714,0.1781497040736637,0.16572599241685837,0.07225886053759191,0.09143712658498494,0.0044832684380457025,0.3243151670228321,0.019983507874239796,0.007353532154627381
0.04348373572144048,0.074633427867994,0.17489771538333343,0.2585080061137568,0.06024597075914176,0.09919748129321007,0.009907165526586149,0.26566039312052636,0.01175069126581904,0.001715412948191958
0.027287047097181,0.06708485496306762,0.18257026164036433,0.16021896004733766,0.06217601509643029,0.1135707718593406,0.021491543691154576,0.34297992851983156,0.008837177748733493,0.013783439336558727
0.051404888874055255,0.08163971789776421,0.16992356493504757,0.19333494208380275,0.05631047771713757,0.13191460889535817,0.01263869209986542,0.27164340090629413,0.031111395602076864,7.831098859792004e-05
0.06245402513946667,0.08646216879191587,0.22514855175040713,0.13799266281460926,0.042089982337101074,0.1486130207985648,0.010034955189149698,0.21492139698818852,0.07067371956607478,0.0016095166245221925
0.06800403223564515,0.12858997431221597,0.1704345663370938,0.1509139808977472,0.06260835868840538,0.10347934696061235,0.01368281116119312,0.2565234380671386,0.04551351990811231,0.00024997143183636163
0.076370989333004,0.09655541873000566,0.14410611111266947,0.20054876521623993,0.11252381470961821,0.13462395128683027,0.01769019852978692,0.16803139538167391,0.048412380513740805,0.0011369751864309316
0.05919558354042676,0.06851850460467797,0.13274329129867188,0.198855575138363,0.07500409692401729,0.07055919241275724,0.008084053868183684,0.21525124148886263,0.1708288897598551,0.0009595709641845175
0.04577871430168123,0.09813503140082247,0.17052913034314648,0.19313849395534502,0.048344984111773084,0.07179692021366897,0.010914282199705031,0.23029956631890924,0.1287659380941434,0.002296939060805293
0.023023846663717346,0.11976509940923005,0.15893074670646687,0.2802238750947125,0.07498303823868219,0.136526394481115,0.016927354354679975,0.16977967905585348,0.0194446230784652,0.0003953429170775691
0.03081677101400716,0.06879578129768545,0.15381622354031324,0.22955192254332668,0.055171647747148056,0.09448927778609179,0.00855363221517311,0.30376347374920226,0.04955254500028953,0.005488725106762549
0.012480556902820631,0.06870589007630713,0.09048230577724647,0.2738850603901358,0.0999883257276803,0.09699175885643359,0.004455138253700914,0.30358798122071995,0.04683165421828518,0.002591328576670083
0.015118818815243065,0.05690583769774735,0.1393894566034063,0.16031491456317443,0.0573093212582453,0.09026651352660799,0.0021569463516375163,0.4723843119665537,0.005306222156981837,0.0008476570604027264
0.013874684284386197,0.06164372514261177,0.1508044260621218,0.12354778797610985,0.04585937164628115,0.11893610244627277,0.0005683432793407218,0.4623006003336263,0.0009755016640459542,0.021489457165203573
0.009647236617780839,0.07364023344717802,0.12114692056687605,0.06711441013986567,0.051353138663175465,0.11535858240588731,0.0,0.5530316073362755,0.003205128205128205,0.005502742617832711
0.021020613393703754,0.042493003927831806,0.17018009640427503,0.07983675118595872,0.06255322331337657,0.12641105861654212,0.001344086021505376,0.4806810685883548,0.0038499751614505706,0.011630123387001095
0.010318405742770095,0.06961449593081914,0.14055786072182402,0.07481517274989707,0.047136856397824146,0.12400791676995859,0.00028538812785388126,0.5056581682594281,0.001156561967372778,0.02644917333225217
0.01971933788641498,0.062948725156619,0.10273838470879151,0.09728357452551582,0.04755706882487359,0.10641956990156588,0.0,0.5621718988103889,0.0,0.00116144018583043
0.007906004470047457,0.05228938938906913,0.10400189531041915,0.1255720433430196,0.04982578971747006,0.0638190088258579,0.0,0.594271054129302,0.0,0.0023148148148148156
0.0,0.05555555555555555,0.07760627220384661,0.05555555555555555,0.0,0.061282616685042264,0.0,0.75,0.0,0.0
0.017543859649122806,0.017543859649122806,0.3508771929824561,0.07017543859649122,0.017543859649122806,0.08771929824561404,0.0,0.4385964912280702,0.0,0.0
0.028347328834166186,0.061865694709185494,0.31478929472979233,0.130930915460306,0.028347328834166186,0.1049147390654783,0.0,0.3109319458039256,0.0,0.01987275256297975
0.03055673307898827,0.11622725690155264,0.1330812519448762,0.16246027813056094,0.010204081632653062,0.07908163265306123,0.0,0.43108482330985487,0.03730394234845274,0.0
0.008403797241789723,0.06698815741919574,0.06182165433504819,0.2544660938001544,0.1676322038321288,0.12523401689621302,0.0024913651548609922,0.30176880088666347,0.008702545279084595,0.0024913651548609922
0.02163928304705004,0.0268857356235997,0.033052384508695194,0.3241018302996972,0.05341496326728106,0.020873786407766992,0.008961911874533234,0.5110701049713767,0.0,0.0
0.05265190525231721,0.05492619292825267,0.39924476484723653,0.27467387572948854,0.11319945073807072,0.08333333333333334,0.0,0.021970477171301066,0.0,0.0
0.016111492673992672,0.2859432234432235,0.12634500915750915,0.32875457875457875,0.08356227106227106,0.013221153846153846,0.0,0.14606227106227104,0.0,0.0
0.018375509847233178,0.051300088141568924,0.11543382959058779,0.30131668159482716,0.055503138482180775,0.09209714485549422,0.0032798833819241984,0.3529865985561912,0.0031281781815716324,0.006578947368421055
0.016655318203794463,0.0777686603691111,0.10133005106621333,0.2083365396947544,0.0864724452964828,0.06662048758380942,0.012703940477966595,0.37983071533455903,0.05028184197330886,0.0
0.027802256867289543,0.09814782440662384,0.16362957656383514,0.19004419445991516,0.06243099272251129,0.086870938539505,0.009592682123184204,0.3340076208114624,0.01791398972272873,0.004806071054190397
