0,1,2,3,4,5,6,7,8,9
0.03177081646662795,0.09034227251545293,0.2828632529893291,0.17529234804885302,0.10993025091900442,0.10051208380658243,0.024403989102987966,0.10463676648354292,0.06916447582525484,0.011083743842364534
0.028968487121978227,0.25562667679967643,0.22210150972722964,0.2729146017937343,0.07155283406870915,0.04465925076409408,0.013961707729072861,0.028947400385295495,0.061267531610209855,0.0
0.19389474898444597,0.22685238753783601,0.226687757532312,0.16361482356084311,0.015665649482950805,0.01809648067505973,0.003378687496822949,0.14957282105078948,0.0022366436789399663,0.0
0.13042708460416694,0.22687259965064585,0.18556643704791823,0.13275925732883612,0.04984706470379706,0.038013124122412825,0.005211761083270455,0.14978136103424403,0.08152131042470849,0.0
0.026656022199784173,0.15084147753387314,0.22716101975348613,0.2734285588336297,0.05787168153364114,0.08798355519555273,0.012634280568386754,0.09899376559272222,0.06442963878892405,0.0
0.017987868047667242,0.10696809882028119,0.11862724457536968,0.2885321127863437,0.10406865640811337,0.08398402442699779,0.030940898316724374,0.09914343457512714,0.14854337182447094,0.0012042902189045523
0.0227300629233862,0.08707729571613344,0.14476496982306117,0.21080440092674307,0.09684740899660528,0.2249926853064135,0.022325055657871767,0.09442319199557642,0.09560277031139225,0.0004321583428168081
0.02046580416219475,0.14180067355146775,0.15389994044259964,0.2507609871123289,0.115012655270839,0.0910077288208461,0.02367701973191724,0.0983337433904916,0.10504144751731513,0.0
0.0238140277573972,0.11704340734669436,0.10785653435891762,0.24606383645516675,0.09618105743103593,0.09000336726399848,0.020397639553354465,0.17337624690619918,0.12526388292723617,0.0
0.010471957834544831,0.07370850962030541,0.15615393097396665,0.1948812980618804,0.07984023546778718,0.17288076943959627,0.009340578405607878,0.19774692791411597,0.10497579228219545,0.0
0.031360691331468196,0.1366879301785491,0.11029304381910036,0.21828009223422634,0.07989842835929883,0.09669217333940527,0.02184392877153248,0.08346509636963909,0.15462158857792183,0.06685702701885843
0.02005522021580171,0.07006952800585343,0.29853104541943887,0.14784566766279436,0.054796509533187286,0.091130043997651,0.012561631481958942,0.07552103953023515,0.22948931415307924,0.0
0.017080837681936804,0.09709443687994018,0.24293346650033684,0.23758679894135454,0.06058575231475777,0.07264093250810091,0.016027853020923917,0.09586810864817208,0.15485132309935987,0.005330490405117271
0.02108743193515361,0.14162609597438633,0.26362603759004105,0.12953701832616957,0.07255280435312055,0.094210590331059,0.010807069255053972,0.1363381057501658,0.13014916678911148,6.567969573875886e-05
0.011309571318349051,0.06476664022585574,0.2003920276997846,0.2719042368303969,0.08448507515448996,0.054765987907974975,0.01860292829351781,0.12084876078724721,0.16827655676038572,0.004648215021997888
0.009852910310427478,0.08868833824622463,0.2854111527786813,0.12413845572341398,0.04312232029920783,0.06761051070562692,0.008321603051582685,0.06298675885524432,0.30478652626304575,0.0050814237665448726
0.023232045327348294,0.0635695999335172,0.19796917048032842,0.1855491077170337,0.0633788005018242,0.16388073787975985,0.0209740820072445,0.05768338797132048,0.22004146863813936,0.003721599543483788
0.020727570099108535,0.08701551278987561,0.3062859615502422,0.27678095533087804,0.0697901916708793,0.06879016636510016,0.015808177762924952,0.06729662236599808,0.08750484206499305,0.0
0.020093470286790906,0.10475718022231922,0.1341723616392685,0.2454427082458694,0.11271027868204081,0.15126469886756605,0.026204091151459236,0.13655051537589874,0.06880469552878714,0.0
0.052553753244432004,0.15955980991038887,0.24627189722905204,0.20158985717876482,0.09471771012210702,0.08564470342921554,0.012750069639234795,0.06908538519325132,0.07271549177771398,0.005111322275839476
0.01531482892432776,0.155881975277407,0.29419270783840873,0.15789813756212412,0.09057650679472773,0.14458463054909546,0.03315306157478363,0.06852357880926574,0.03015235044763783,0.009722222222222224
0.013311527413304788,0.10437932930074051,0.245073201704706,0.2710349114223489,0.07120044823475788,0.08436634304584992,0.007547222362360492,0.07905754952070496,0.10358022433916779,0.020449242656058755
0.01976603049192403,0.14435898280770654,0.277854567808475,0.0947214788428101,0.05658637855536143,0.09995261011421816,0.11730355736076921,0.1555950067583813,0.03368140165920214,0.00017998560115190787
0.026067404445873122,0.19508759767349743,0.11542239891374277,0.1666614521995572,0.11190877078554606,0.12754189517100964,0.026167016830593033,0.13610486104659794,0.09367417435029769,0.0013644285832849193
0.01189711003386584,0.11120469203242066,0.30061662858035004,0.18540577087749116,0.08473680263788225,0.09602617850740207,0.022995525644468842,0.16305574142439155,0.0240615502617276,0.0
0.01078789107075813,0.09090642447429759,0.3429453888672827,0.1916450346817432,0.07338765601439297,0.20693616065825415,0.008584453913328656,0.07311940880443582,0.0016875815155069731,0.0
0.04957800632260283,0.15488275204290383,0.15059999778765884,0.27728904072776595,0.0800125237989841,0.11105636277631367,0.04159118893411462,0.1034697737272136,0.025689450092355223,0.005830903790087464
0.020354857854251167,0.07282011859429109,0.36212698582213737,0.1805088016405149,0.04434063995875177,0.07895587291806457,0.04665138811350424,0.0571571187758876,0.13708421632259732,0.0
0.020403894373077866,0.08457988069081325,0.2223641530173962,0.28197607195185315,0.04335068692391641,0.09654357369730551,0.015367157268588078,0.07869378526756649,0.15139030640436577,0.00533049040511727
0.03324652483663974,0.11449262755648065,0.1750494207864777,0.19999266793964476,0.0973960595018279,0.11884286929474598,0.01946038182255516,0.11753911338683783,0.12388728863916033,9.304623562990836e-05
0.01391053920590113,0.0639406781363391,0.24646033304617385,0.2596761602695705,0.12233262286069792,0.04921113231366055,0.01922825024638885,0.09851611763739915,0.12488194695140234,0.0018422193324664062
0.008141366106719368,0.07728463364863503,0.28275151880797483,0.10871670166337286,0.03311084692028986,0.06824481225296443,0.005593039772727273,0.04564213809288538,0.3705149427344309,0.0
0.005687423107512833,0.05062944124699197,0.17268886090633107,0.18458925353024647,0.05175970201380309,0.1913292410453495,0.0066755590532402665,0.02805272931166669,0.3022079048531718,0.006379884931686496
0.021410180649537248,0.06355304504648843,0.2940803480931338,0.2565501236458512,0.055027191055383846,0.05285674997420542,0.013717643129256498,0.07111052481227521,0.17169419359386806,0.0
0.014394728952935065,0.09233203194467841,0.11140465244428333,0.23204038805891342,0.11472224058652565,0.12828936587417494,0.028513120695031337,0.16487155871711254,0.11343191272634524,0.0
0.01570098504155106,0.22347108866935791,0.22010607130911228,0.21490759050055083,0.09222389597554652,0.05263103290016473,0.01661149849212988,0.037879264274562584,0.11816267413878526,0.008305898698239151
0.008014948567689539,0.17904262339153637,0.3454395749330452,0.15419102548668998,0.056185357397941844,0.14438856866561597,0.05525510262463937,0.029726418452543646,0.011552676776594379,0.016203703703703703
0.02662305482660957,0.16968833971965347,0.1606671169011258,0.2944068499318574,0.1027315088406825,0.14032855005083772,0.01509444472472098,0.08501583720656221,0.003608312485832718,0.0018359853121175027
0.0163973895075407,0.20503558972956398,0.31731045065519,0.08095584263988924,0.08253671854041512,0.05855534906239219,0.03846415360176172,0.17139943408548783,0.028985100975455605,0.00035997120230381584
0.024565311757510304,0.14086865722406744,0.1737599754539811,0.18890508921292704,0.08738322266513242,0.1496795765972428,0.0021834285685806334,0.21766096533854973,0.012264916015438452,0.0027288571665698385
0.018562060261301413,0.11968634915964123,0.12538678742224416,0.2314546803128407,0.06372131203948471,0.14073978464746648,0.024660421303457122,0.2573225959965967,0.01846600885696756,0.0
0.0026540321629379155,0.10135355778683913,0.3224521877595962,0.2330027880249742,0.030521369873786026,0.25110638012339637,0.0,0.058909684268470104,0.0,0.0
0.049555302468117374,0.19279268881667141,0.08363464991082394,0.23330541621899714,0.11708944250524718,0.09618328369959353,0.04853744845006342,0.16437970515214662,0.01452206277833954,0.0
0.015459453674874779,0.06968251659709199,0.2186582343659132,0.17114066044178794,0.07899933248745711,0.10061165228271725,0.04963543545734743,0.1074265161925841,0.18838619850022612,0.0
0.007267081696129166,0.08657449530102072,0.11242697569649061,0.1738053766008925,0.10226642155244745,0.12874934923478976,0.023396113954193686,0.11282601392102537,0.25268817204301075,0.0
0.07427536231884058,0.1802536231884058,0.09864130434782607,0.420018115942029,0.09293478260869564,0.07518115942028984,0.03695652173913043,0.021739130434782605,0.0,0.0
0.3837108013937282,0.13196864111498258,0.12195121951219513,0.12195121951219513,0.03658536585365854,0.0696864111498258,0.015679442508710804,0.0853658536585366,0.006968641114982579,0.026132404181184673
0.015611032768469615,0.07611887234398529,0.28558541870822285,0.21477021040974537,0.05167298055243514,0.059382195240485366,0.011162830532915861,0.2811401045276736,0.004556354916067147,0.0
0.03790070116519928,0.11864153295755386,0.2508549988269806,0.1853066235780716,0.07628259062767029,0.09312019497156143,0.028856728225946426,0.17474593222141266,0.07772362232208252,0.0033199992030858994
