0,1,2,3,4,5,6,7,8,9
0.043384353804599395,0.10922774339857802,0.1403313224441679,0.21651741403367833,0.10956529819793658,0.13554398034586357,0.028254700624886858,0.20645986046074447,0.008830284478215877,0.0018850422113289762
0.033053007310996106,0.08829882737704696,0.1729078862454947,0.3494137635763781,0.11829017244332057,0.07895815152162418,0.023652388157412472,0.12059388486600911,0.014593883373503456,0.00023803512821437596
0.031927932233335725,0.11732825758347548,0.14799366894383784,0.29696924335115005,0.14256252471117234,0.07868654631735227,0.0190889528238945,0.14396822446058863,0.021183306411094532,0.0002913431640986002
0.05092063324311779,0.12651422347370922,0.17510201558828525,0.28779262408548456,0.10624117817164971,0.08301452010974288,0.0201408342831785,0.1184866450382045,0.028103632748375632,0.003683693258251779
0.04411770427490758,0.08941245743525274,0.19522291123970184,0.2482662788010182,0.06844214794476625,0.10954437776747784,0.015353219679218663,0.18448321573233994,0.03816574306086963,0.006991944064447485
0.031877099788851185,0.08884303275838015,0.17354086235279198,0.27521545207026865,0.07510425809529522,0.1003276828295044,0.01402286529494795,0.1851432651740502,0.05521920994327969,0.0007062716926305594
0.053736151445984384,0.09644771969191436,0.18283921633406802,0.2501806061310624,0.118133929822029,0.10933486280291861,0.010767391696584697,0.12047591875364008,0.045545018368820384,0.012539184952978056
0.04345396780821188,0.059396940945085304,0.2237325454084826,0.21735147717316433,0.0865218694258828,0.10342851094592233,0.004909604365732155,0.22111123194626986,0.039646624789835605,0.00044722719141323804
0.01465541665635047,0.1083285185087202,0.2152792257929637,0.21585130349354012,0.07768336840980133,0.105692728845736,0.012339271967546427,0.1348045143906584,0.11317756517270261,0.0021880867619806345
0.022606246472295415,0.09248926945267569,0.2558459518918184,0.16849097313968414,0.053295166865612996,0.10152698329066694,0.008998688221273764,0.20716645054184918,0.0825750748836341,0.007005195240489357
0.024831200478319247,0.0752992182500661,0.16403566765038866,0.23774770304145784,0.07186983301297681,0.1364913604314931,0.013048623254278285,0.18025774515361634,0.09605720136071216,0.0003614473666916395
0.014282202595798533,0.09451386405409745,0.1432489928740703,0.17203952095864877,0.08439923421946895,0.11081384230628553,0.012966682491601914,0.1692454504575505,0.19849021004247802,0.0
0.02650054083026692,0.0628232825554892,0.23177730465476626,0.18208257147123386,0.051185851725157494,0.14196990287337552,0.011304787166856133,0.17712792623839627,0.11522783248445823,0.0
0.023805363503985943,0.08187779181819499,0.14884073321279614,0.2952967890055401,0.08848826604188473,0.12293872971239755,0.011327481208362213,0.11738932582178388,0.10663368702909894,0.003401832645955612
0.011105304890948936,0.10807654312413552,0.22924863122611952,0.21183094246265516,0.08199259625225631,0.13015331923528983,0.01378134848462537,0.12934913198899603,0.0840981488438924,0.0003640334910811795
0.028986749708277405,0.13884983564928272,0.12582890966929539,0.21788014819777687,0.07413384085627331,0.1278129328916081,0.059479691256038705,0.15886191252967938,0.06768081298720913,0.0004851662545590733
0.027340355534936783,0.12269995881118735,0.1401541066394526,0.32871447852546576,0.09888611423439099,0.10557163187417043,0.01528664288213133,0.09627080011329052,0.06169280062440563,0.0033831107605684207
0.0376462798105997,0.09620535907500112,0.2489615505806654,0.2399225623538697,0.10221384267006585,0.11489154558883538,0.011129285241463031,0.08837152206878875,0.05861723628418026,0.002040816326530612
0.02880545354568507,0.10313745649446716,0.23058411851371063,0.2801575657790568,0.10118876595524423,0.13334903167032888,0.019038790665370696,0.09295382588890057,0.007759998581819774,0.0030249929054162353
0.02643386701310742,0.11044355455871009,0.20899240237041727,0.25524767178095265,0.08227620396208281,0.13389811609225274,0.02193234784668046,0.10992784799823481,0.04023084260241303,0.01061714577514867
0.027703501601661025,0.10705403116508315,0.2551271819591456,0.275341459267442,0.08879043057725587,0.10219116808035401,0.01816525662653542,0.08248368553011941,0.02919030348141422,0.013952981710989468
0.01715891661145542,0.12609961331269426,0.24925727441210044,0.2531504181287865,0.10779505738850706,0.11063211594156105,0.01611428088974827,0.0810449028465879,0.02124204914888885,0.017505371319670268
0.01255515576545549,0.1053840696477947,0.2927354270061539,0.23114804422523086,0.1095869868417058,0.10057447608441886,0.021867532873289193,0.08155638213620571,0.03670780634145012,0.007884119078295237
0.01747020120985868,0.10440041003196641,0.2231252286152469,0.23330152733267362,0.1442562812322942,0.09933312108564575,0.014653713817190462,0.15445350003741498,0.005223740945118399,0.003782275692590601
0.02267370426057218,0.10564943893698915,0.19163548067885072,0.21723962842035438,0.11337153542364252,0.0907137932163598,0.03486492967554179,0.19865112239356097,0.025151190697103563,4.917629702483403e-05
0.018109473873667944,0.18115481226622396,0.19682645366110568,0.20662646010098767,0.09770614963258036,0.11678855780179344,0.010311697989015777,0.13725941968272404,0.03388684445502029,0.0013301305368807717
0.03443716675758739,0.1232038698177635,0.2516192787464851,0.21160332641383175,0.11979219466877868,0.07718124914517091,0.00530845428415138,0.16416368560628963,0.01269077455994145,0.0
0.028057453773189977,0.1441550856182522,0.32963541143602787,0.17626656244756905,0.10042399509976317,0.08296305389414517,0.0045982501455910235,0.13218118276478338,0.0017190048206783388,0.0
0.01372223033811794,0.17511590288305937,0.2391757498438322,0.21831190820820617,0.15212954359645925,0.07427157751423229,0.017747550905041726,0.10331663452085998,0.006208902190191074,0.0
0.0280748979294775,0.13449231267736328,0.2476444338349384,0.20539902147514957,0.11721600523630397,0.09689797254191831,0.010439141640486238,0.14537749723226787,0.01445871743209485,0.0
0.04355418311705829,0.16436143191147584,0.10004022845104306,0.28559951053479593,0.21717298467886478,0.08008331765370154,0.015629098677962534,0.09355924497509807,0.0,0.0
0.037480535245097306,0.18373125700017284,0.21702948457087554,0.12394817614668263,0.15779954644935826,0.10474934719676805,0.0,0.17526165339104535,0.0,0.0
0.020214981178833174,0.23875542564041816,0.14815685790117492,0.09474222777387392,0.225693274069156,0.13127697467859883,0.0,0.14116025875794486,0.0,0.0
0.06589207105227679,0.2181454873906527,0.23200932557419576,0.07215510857240741,0.20880662995223256,0.10496470140914063,0.0,0.09802667604909406,0.0,0.0
0.0467277447265616,0.16105129399206772,0.09514383515909039,0.1323522145817158,0.18282914601776545,0.0896445196772429,0.022079741400732777,0.20274414515159153,0.06538654296670125,0.0020408163265306124
0.03015299535865412,0.24159501051757817,0.06686852195125598,0.14601936507631766,0.16052554091681248,0.11665942471879194,0.028571428571428577,0.13817914146058974,0.07142857142857144,0.0
0.04615384615384615,0.21968418691593597,0.2815890516719444,0.08811565192256503,0.09221954163265958,0.11306692517309436,0.0,0.12974666874517088,0.01471206389239176,0.01471206389239176
0.018181818181818184,0.20345168014899878,0.17617738764903088,0.09916321898910477,0.14787466959469808,0.15574957073952622,0.0,0.19940165469682308,0.0,0.0
0.0,0.2348702416944706,0.25545886603945733,0.03515633227964194,0.188908787030646,0.12513376892502076,0.0,0.16047200403076328,0.0,0.0
0.0,0.3153586614602759,0.12655380685936934,0.1023157956881856,0.15822307370321043,0.10138878508001664,0.0,0.19615987720894204,0.0,0.0
0.06084753328013756,0.1964524164158041,0.09849234530049455,0.07693669102866595,0.21987636849077413,0.16838674735059123,0.0,0.17275789813353254,0.00625,0.0
0.029324789003509755,0.16872026319453606,0.2588744392343938,0.07157927814310538,0.151378022000499,0.15257514204784745,0.017094017094017096,0.15045404928209158,0.0,0.0
0.018168975237286437,0.10226851046931608,0.29294016137134443,0.1337779944158187,0.13861476374422183,0.08821360030607835,0.01039063057916161,0.2086575115851794,0.006967852291593301,0.0
0.0027503195224151044,0.18025836607815782,0.27963926386454685,0.10779793924682671,0.1638750191701076,0.07378861471035279,0.007142857142857143,0.184747620264736,0.0,0.0
0.006336625292875213,0.10041271909127987,0.2734499711934616,0.09301326527036334,0.19240887708678125,0.13122205881541732,0.0,0.19257765810145983,0.010578825148361573,0.0
0.025839998104787,0.10534811358637308,0.22221533322654913,0.2497323819084414,0.08360021002279931,0.1389675411225682,0.013823466177869836,0.14359792080979772,0.013265391731215834,0.0036096433095985686
0.050725487596178495,0.10987825409327683,0.23426961503929788,0.23226551447425836,0.10355284435500359,0.12852602762393384,0.018135332666755256,0.11018748614250923,0.009724938665988014,0.00273449934279852
0.10573171469804246,0.08032376769933218,0.23338143356334579,0.1875375092736598,0.07511783275179935,0.12159882299604596,0.017073286292386258,0.1735768822771695,0.004761688326666789,0.0008970621215519175
0.041431162506341934,0.08917207270860672,0.2121492326259613,0.21705371141433716,0.12439912557601929,0.10589535534381866,0.01668572425842285,0.17746490240097046,0.023136312142014503,0.000617162324488163
